0 0 2724 3128 0 320
0 0 2724 3128 1 14
0 0 2724 3128 2 386
0 0 2724 3128 3 399
0 0 2724 3128 4 411
0 0 2724 3128 5 80
0 0 2724 3128 6 737
0 0 2724 3128 7 689
0 0 2724 3128 8 567
0 0 2724 3128 9 692
0 0 2724 3128 10 745
0 0 2724 3128 11 668
0 0 2724 3128 12 506
0 0 2724 3128 13 661
0 0 2724 3128 14 581
0 0 2724 3128 15 871
0 1 2724 3128 0 457
0 1 2724 3128 1 483
0 1 2724 3128 2 509
0 1 2724 3128 3 553
0 1 2724 3128 4 599
0 1 2724 3128 5 519
0 1 2724 3128 6 488
0 1 2724 3128 7 598
0 1 2724 3128 8 441
0 1 2724 3128 9 490
0 1 2724 3128 10 555
0 1 2724 3128 11 584
0 1 2724 3128 12 642
0 1 2724 3128 13 449
0 1 2724 3128 14 528
0 1 2724 3128 15 594
0 2 2724 3128 0 754
0 2 2724 3128 1 764
0 2 2724 3128 2 853
0 2 2724 3128 3 413
0 2 2724 3128 4 954
0 2 2724 3128 5 849
0 2 2724 3128 6 862
0 2 2724 3128 7 144
0 2 2724 3128 8 895
0 2 2724 3128 9 963
0 2 2724 3128 10 762
0 2 2724 3128 11 291
0 2 2724 3128 12 405
0 2 2724 3128 13 877
0 2 2724 3128 14 772
0 2 2724 3128 15 500
0 3 2724 3128 0 681
0 3 2724 3128 1 588
0 3 2724 3128 2 558
0 3 2724 3128 3 408
0 3 2724 3128 4 944
0 3 2724 3128 5 603
0 3 2724 3128 6 649
0 3 2724 3128 7 403
0 3 2724 3128 8 210
0 3 2724 3128 9 160
0 3 2724 3128 10 168
0 3 2724 3128 11 245
0 3 2724 3128 12 668
0 3 2724 3128 13 398
0 3 2724 3128 14 361
0 3 2724 3128 15 79
0 4 2724 3128 0 605
0 4 2724 3128 1 610
0 4 2724 3128 2 601
0 4 2724 3128 3 563
0 4 2724 3128 4 606
0 4 2724 3128 5 847
0 4 2724 3128 6 940
0 4 2724 3128 7 389
0 4 2724 3128 8 463
0 4 2724 3128 9 510
0 4 2724 3128 10 664
0 4 2724 3128 11 572
0 4 2724 3128 12 464
0 4 2724 3128 13 474
0 4 2724 3128 14 443
0 4 2724 3128 15 569
0 5 2724 3128 0 563
0 5 2724 3128 1 567
0 5 2724 3128 2 414
0 5 2724 3128 3 548
0 5 2724 3128 4 653
0 5 2724 3128 5 575
0 5 2724 3128 6 300
0 5 2724 3128 7 491
0 5 2724 3128 8 568
0 5 2724 3128 9 688
0 5 2724 3128 10 613
0 5 2724 3128 11 198
0 5 2724 3128 12 651
0 5 2724 3128 13 510
0 5 2724 3128 14 511
0 5 2724 3128 15 600
0 6 2724 3128 0 664
0 6 2724 3128 1 643
0 6 2724 3128 2 683
0 6 2724 3128 3 650
0 6 2724 3128 4 533
0 6 2724 3128 5 736
0 6 2724 3128 6 594
0 6 2724 3128 7 714
0 6 2724 3128 8 511
0 6 2724 3128 9 815
0 6 2724 3128 10 703
0 6 2724 3128 11 683
0 6 2724 3128 12 777
0 6 2724 3128 13 503
0 6 2724 3128 14 636
0 6 2724 3128 15 385
0 7 2724 3128 0 760
0 7 2724 3128 1 763
0 7 2724 3128 2 616
0 7 2724 3128 3 564
0 7 2724 3128 4 463
0 7 2724 3128 5 566
0 7 2724 3128 6 906
0 7 2724 3128 7 496
0 7 2724 3128 8 568
0 7 2724 3128 9 499
0 7 2724 3128 10 650
0 7 2724 3128 11 574
0 7 2724 3128 12 606
0 7 2724 3128 13 741
0 7 2724 3128 14 635
0 7 2724 3128 15 713
0 8 2724 3128 0 592
0 8 2724 3128 1 691
0 8 2724 3128 2 804
0 8 2724 3128 3 876
0 8 2724 3128 4 534
0 8 2724 3128 5 573
0 8 2724 3128 6 615
0 8 2724 3128 7 675
0 8 2724 3128 8 520
0 8 2724 3128 9 647
0 8 2724 3128 10 532
0 8 2724 3128 11 515
0 8 2724 3128 12 594
0 8 2724 3128 13 567
0 8 2724 3128 14 554
0 8 2724 3128 15 700
0 9 2724 3128 0 819
0 9 2724 3128 1 401
0 9 2724 3128 2 708
0 9 2724 3128 3 926
0 9 2724 3128 4 742
0 9 2724 3128 5 816
0 9 2724 3128 6 660
0 9 2724 3128 7 574
0 9 2724 3128 8 620
0 9 2724 3128 9 835
0 9 2724 3128 10 592
0 9 2724 3128 11 659
0 9 2724 3128 12 556
0 9 2724 3128 13 731
0 9 2724 3128 14 609
0 9 2724 3128 15 872
0 10 2724 3128 0 657
0 10 2724 3128 1 499
0 10 2724 3128 2 583
0 10 2724 3128 3 548
0 10 2724 3128 4 519
0 10 2724 3128 5 540
0 10 2724 3128 6 505
0 10 2724 3128 7 578
0 10 2724 3128 8 652
0 10 2724 3128 9 589
0 10 2724 3128 10 428
0 10 2724 3128 11 605
0 10 2724 3128 12 752
0 10 2724 3128 13 461
0 10 2724 3128 14 567
0 10 2724 3128 15 499
0 11 2724 3128 0 605
0 11 2724 3128 1 474
0 11 2724 3128 2 668
0 11 2724 3128 3 581
0 11 2724 3128 4 519
0 11 2724 3128 5 673
0 11 2724 3128 6 640
0 11 2724 3128 7 680
0 11 2724 3128 8 657
0 11 2724 3128 9 518
0 11 2724 3128 10 509
0 11 2724 3128 11 582
0 11 2724 3128 12 581
0 11 2724 3128 13 684
0 11 2724 3128 14 776
0 11 2724 3128 15 709
0 12 2724 3128 0 428
0 12 2724 3128 1 509
0 12 2724 3128 2 533
0 12 2724 3128 3 642
0 12 2724 3128 4 637
0 12 2724 3128 5 671
0 12 2724 3128 6 481
0 12 2724 3128 7 483
0 12 2724 3128 8 399
0 12 2724 3128 9 708
0 12 2724 3128 10 425
0 12 2724 3128 11 658
0 12 2724 3128 12 662
0 12 2724 3128 13 482
0 12 2724 3128 14 556
0 12 2724 3128 15 693
0 13 2724 3128 0 468
0 13 2724 3128 1 484
0 13 2724 3128 2 407
0 13 2724 3128 3 571
0 13 2724 3128 4 617
0 13 2724 3128 5 586
0 13 2724 3128 6 470
0 13 2724 3128 7 482
0 13 2724 3128 8 638
0 13 2724 3128 9 767
0 13 2724 3128 10 458
0 13 2724 3128 11 250
0 13 2724 3128 12 460
0 13 2724 3128 13 487
0 13 2724 3128 14 565
0 13 2724 3128 15 558
0 14 2724 3128 0 717
0 14 2724 3128 1 461
0 14 2724 3128 2 443
0 14 2724 3128 3 618
0 14 2724 3128 4 690
0 14 2724 3128 5 632
0 14 2724 3128 6 532
0 14 2724 3128 7 556
0 14 2724 3128 8 586
0 14 2724 3128 9 780
0 14 2724 3128 10 623
0 14 2724 3128 11 657
0 14 2724 3128 12 478
0 14 2724 3128 13 447
0 14 2724 3128 14 723
0 14 2724 3128 15 748
0 15 2724 3128 0 372
0 15 2724 3128 1 720
0 15 2724 3128 2 618
0 15 2724 3128 3 595
0 15 2724 3128 4 481
0 15 2724 3128 5 773
0 15 2724 3128 6 710
0 15 2724 3128 7 771
0 15 2724 3128 8 604
0 15 2724 3128 9 618
0 15 2724 3128 10 708
0 15 2724 3128 11 709
0 15 2724 3128 12 684
0 15 2724 3128 13 640
0 15 2724 3128 14 515
0 15 2724 3128 15 154
0 16 2724 3128 0 752
0 16 2724 3128 1 512
0 16 2724 3128 2 589
0 16 2724 3128 3 495
0 16 2724 3128 4 606
0 16 2724 3128 5 555
0 16 2724 3128 6 726
0 16 2724 3128 7 494
0 16 2724 3128 8 498
0 16 2724 3128 9 674
0 16 2724 3128 10 461
0 16 2724 3128 11 429
0 16 2724 3128 12 556
0 16 2724 3128 13 542
0 16 2724 3128 14 591
0 16 2724 3128 15 597
0 17 2724 3128 0 675
0 17 2724 3128 1 500
0 17 2724 3128 2 738
0 17 2724 3128 3 779
0 17 2724 3128 4 691
0 17 2724 3128 5 699
0 17 2724 3128 6 830
0 17 2724 3128 7 802
0 17 2724 3128 8 664
0 17 2724 3128 9 847
0 17 2724 3128 10 854
0 17 2724 3128 11 635
0 17 2724 3128 12 669
0 17 2724 3128 13 833
0 17 2724 3128 14 701
0 17 2724 3128 15 727
0 18 2724 3128 0 819
0 18 2724 3128 1 567
0 18 2724 3128 2 712
0 18 2724 3128 3 886
0 18 2724 3128 4 716
0 18 2724 3128 5 674
0 18 2724 3128 6 1010
0 18 2724 3128 7 666
0 18 2724 3128 8 776
0 18 2724 3128 9 709
0 18 2724 3128 10 714
0 18 2724 3128 11 699
0 18 2724 3128 12 757
0 18 2724 3128 13 590
0 18 2724 3128 14 886
0 18 2724 3128 15 520
0 19 2724 3128 0 739
0 19 2724 3128 1 369
0 19 2724 3128 2 327
0 19 2724 3128 3 1
0 19 2724 3128 4 669
0 19 2724 3128 5 502
0 19 2724 3128 6 295
0 19 2724 3128 7 270
0 19 2724 3128 8 1000
0 19 2724 3128 9 341
0 19 2724 3128 10 472
0 19 2724 3128 11 608
0 19 2724 3128 12 965
0 19 2724 3128 13 575
0 19 2724 3128 14 988
0 19 2724 3128 15 618
0 20 2724 3128 0 583
0 20 2724 3128 1 488
0 20 2724 3128 2 483
0 20 2724 3128 3 445
0 20 2724 3128 4 697
0 20 2724 3128 5 412
0 20 2724 3128 6 554
0 20 2724 3128 7 347
0 20 2724 3128 8 483
0 20 2724 3128 9 255
0 20 2724 3128 10 487
0 20 2724 3128 11 397
0 20 2724 3128 12 621
0 20 2724 3128 13 681
0 20 2724 3128 14 489
0 20 2724 3128 15 509
0 21 2724 3128 0 771
0 21 2724 3128 1 466
0 21 2724 3128 2 406
0 21 2724 3128 3 378
0 21 2724 3128 4 569
0 21 2724 3128 5 453
0 21 2724 3128 6 332
0 21 2724 3128 7 454
0 21 2724 3128 8 606
0 21 2724 3128 9 386
0 21 2724 3128 10 458
0 21 2724 3128 11 425
0 21 2724 3128 12 708
0 21 2724 3128 13 697
0 21 2724 3128 14 552
0 21 2724 3128 15 341
0 22 2724 3128 0 819
0 22 2724 3128 1 514
0 22 2724 3128 2 385
0 22 2724 3128 3 684
0 22 2724 3128 4 797
0 22 2724 3128 5 704
0 22 2724 3128 6 883
0 22 2724 3128 7 663
0 22 2724 3128 8 785
0 22 2724 3128 9 777
0 22 2724 3128 10 653
0 22 2724 3128 11 655
0 22 2724 3128 12 881
0 22 2724 3128 13 961
0 22 2724 3128 14 641
0 22 2724 3128 15 370
0 23 2724 3128 0 289
0 23 2724 3128 1 389
0 23 2724 3128 2 375
0 23 2724 3128 3 381
0 23 2724 3128 4 254
0 23 2724 3128 5 292
0 23 2724 3128 6 276
0 23 2724 3128 7 243
0 23 2724 3128 8 344
0 23 2724 3128 9 390
0 23 2724 3128 10 231
0 23 2724 3128 11 297
0 23 2724 3128 12 431
0 23 2724 3128 13 300
0 23 2724 3128 14 316
0 23 2724 3128 15 259
0 24 2724 3128 0 738
0 24 2724 3128 1 1130
0 24 2724 3128 2 789
0 24 2724 3128 3 892
0 24 2724 3128 4 808
0 24 2724 3128 5 690
0 24 2724 3128 6 375
0 24 2724 3128 7 647
0 24 2724 3128 8 835
0 24 2724 3128 9 780
0 24 2724 3128 10 707
0 24 2724 3128 11 881
0 24 2724 3128 12 1203
0 24 2724 3128 13 730
0 24 2724 3128 14 827
0 24 2724 3128 15 865
0 25 2724 3128 0 545
0 25 2724 3128 1 737
0 25 2724 3128 2 495
0 25 2724 3128 3 489
0 25 2724 3128 4 581
0 25 2724 3128 5 501
0 25 2724 3128 6 571
0 25 2724 3128 7 539
0 25 2724 3128 8 571
0 25 2724 3128 9 448
0 25 2724 3128 10 517
0 25 2724 3128 11 469
0 25 2724 3128 12 550
0 25 2724 3128 13 597
0 25 2724 3128 14 506
0 25 2724 3128 15 580
0 26 2724 3128 0 445
0 26 2724 3128 1 522
0 26 2724 3128 2 496
0 26 2724 3128 3 605
0 26 2724 3128 4 508
0 26 2724 3128 5 445
0 26 2724 3128 6 713
0 26 2724 3128 7 657
0 26 2724 3128 8 564
0 26 2724 3128 9 594
0 26 2724 3128 10 506
0 26 2724 3128 11 503
0 26 2724 3128 12 702
0 26 2724 3128 13 542
0 26 2724 3128 14 697
0 26 2724 3128 15 530
0 27 2724 3128 0 559
0 27 2724 3128 1 636
0 27 2724 3128 2 687
0 27 2724 3128 3 657
0 27 2724 3128 4 584
0 27 2724 3128 5 854
0 27 2724 3128 6 680
0 27 2724 3128 7 513
0 27 2724 3128 8 548
0 27 2724 3128 9 596
0 27 2724 3128 10 509
0 27 2724 3128 11 542
0 27 2724 3128 12 812
0 27 2724 3128 13 716
0 27 2724 3128 14 416
0 27 2724 3128 15 692
0 28 2724 3128 0 853
0 28 2724 3128 1 685
0 28 2724 3128 2 663
0 28 2724 3128 3 624
0 28 2724 3128 4 654
0 28 2724 3128 5 585
0 28 2724 3128 6 800
0 28 2724 3128 7 629
0 28 2724 3128 8 681
0 28 2724 3128 9 611
0 28 2724 3128 10 602
0 28 2724 3128 11 905
0 28 2724 3128 12 872
0 28 2724 3128 13 765
0 28 2724 3128 14 753
0 28 2724 3128 15 793
0 29 2724 3128 0 667
0 29 2724 3128 1 671
0 29 2724 3128 2 609
0 29 2724 3128 3 733
0 29 2724 3128 4 624
0 29 2724 3128 5 486
0 29 2724 3128 6 579
0 29 2724 3128 7 535
0 29 2724 3128 8 577
0 29 2724 3128 9 714
0 29 2724 3128 10 626
0 29 2724 3128 11 338
0 29 2724 3128 12 803
0 29 2724 3128 13 639
0 29 2724 3128 14 658
0 29 2724 3128 15 792
0 30 2724 3128 0 651
0 30 2724 3128 1 767
0 30 2724 3128 2 560
0 30 2724 3128 3 519
0 30 2724 3128 4 542
0 30 2724 3128 5 646
0 30 2724 3128 6 629
0 30 2724 3128 7 836
0 30 2724 3128 8 550
0 30 2724 3128 9 526
0 30 2724 3128 10 552
0 30 2724 3128 11 650
0 30 2724 3128 12 667
0 30 2724 3128 13 539
0 30 2724 3128 14 783
0 30 2724 3128 15 625
0 31 2724 3128 0 829
0 31 2724 3128 1 620
0 31 2724 3128 2 632
0 31 2724 3128 3 540
0 31 2724 3128 4 867
0 31 2724 3128 5 973
0 31 2724 3128 6 1036
0 31 2724 3128 7 911
0 31 2724 3128 8 556
0 31 2724 3128 9 615
0 31 2724 3128 10 561
0 31 2724 3128 11 508
0 31 2724 3128 12 644
0 31 2724 3128 13 660
0 31 2724 3128 14 487
0 31 2724 3128 15 640
0 32 2724 3128 0 204
0 32 2724 3128 1 30
0 32 2724 3128 2 273
0 32 2724 3128 3 762
0 32 2724 3128 4 720
0 32 2724 3128 5 53
0 32 2724 3128 6 104
0 32 2724 3128 7 337
0 32 2724 3128 8 567
0 32 2724 3128 9 161
0 32 2724 3128 10 1
0 32 2724 3128 11 421
0 32 2724 3128 12 546
0 32 2724 3128 13 314
0 32 2724 3128 14 5
0 32 2724 3128 15 437
0 33 2724 3128 0 686
0 33 2724 3128 1 437
0 33 2724 3128 2 629
0 33 2724 3128 3 667
0 33 2724 3128 4 385
0 33 2724 3128 5 448
0 33 2724 3128 6 512
0 33 2724 3128 7 617
0 33 2724 3128 8 930
0 33 2724 3128 9 969
0 33 2724 3128 10 186
0 33 2724 3128 11 824
0 33 2724 3128 12 668
0 33 2724 3128 13 751
0 33 2724 3128 14 1109
0 33 2724 3128 15 1088
0 34 2724 3128 0 607
0 34 2724 3128 1 479
0 34 2724 3128 2 536
0 34 2724 3128 3 542
0 34 2724 3128 4 576
0 34 2724 3128 5 539
0 34 2724 3128 6 685
0 34 2724 3128 7 741
0 34 2724 3128 8 599
0 34 2724 3128 9 631
0 34 2724 3128 10 482
0 34 2724 3128 11 518
0 34 2724 3128 12 1201
0 34 2724 3128 13 733
0 34 2724 3128 14 598
0 34 2724 3128 15 419
0 35 2724 3128 0 684
0 35 2724 3128 1 643
0 35 2724 3128 2 596
0 35 2724 3128 3 497
0 35 2724 3128 4 831
0 35 2724 3128 5 720
0 35 2724 3128 6 806
0 35 2724 3128 7 626
0 35 2724 3128 8 782
0 35 2724 3128 9 719
0 35 2724 3128 10 661
0 35 2724 3128 11 765
0 35 2724 3128 12 634
0 35 2724 3128 13 643
0 35 2724 3128 14 562
0 35 2724 3128 15 770
0 36 2724 3128 0 855
0 36 2724 3128 1 627
0 36 2724 3128 2 564
0 36 2724 3128 3 669
0 36 2724 3128 4 832
0 36 2724 3128 5 728
0 36 2724 3128 6 809
0 36 2724 3128 7 632
0 36 2724 3128 8 891
0 36 2724 3128 9 743
0 36 2724 3128 10 748
0 36 2724 3128 11 737
0 36 2724 3128 12 800
0 36 2724 3128 13 632
0 36 2724 3128 14 752
0 36 2724 3128 15 846
0 37 2724 3128 0 26
0 37 2724 3128 1 369
0 37 2724 3128 2 529
0 37 2724 3128 3 552
0 37 2724 3128 4 614
0 37 2724 3128 5 545
0 37 2724 3128 6 543
0 37 2724 3128 7 474
0 37 2724 3128 8 684
0 37 2724 3128 9 556
0 37 2724 3128 10 555
0 37 2724 3128 11 500
0 37 2724 3128 12 835
0 37 2724 3128 13 687
0 37 2724 3128 14 501
0 37 2724 3128 15 521
0 38 2724 3128 0 451
0 38 2724 3128 1 585
0 38 2724 3128 2 663
0 38 2724 3128 3 639
0 38 2724 3128 4 484
0 38 2724 3128 5 492
0 38 2724 3128 6 520
0 38 2724 3128 7 674
0 38 2724 3128 8 371
0 38 2724 3128 9 292
0 38 2724 3128 10 391
0 38 2724 3128 11 661
0 38 2724 3128 12 333
0 38 2724 3128 13 2
0 38 2724 3128 14 262
0 38 2724 3128 15 376
0 39 2724 3128 0 382
0 39 2724 3128 1 426
0 39 2724 3128 2 430
0 39 2724 3128 3 317
0 39 2724 3128 4 310
0 39 2724 3128 5 551
0 39 2724 3128 6 579
0 39 2724 3128 7 443
0 39 2724 3128 8 372
0 39 2724 3128 9 344
0 39 2724 3128 10 345
0 39 2724 3128 11 335
0 39 2724 3128 12 381
0 39 2724 3128 13 372
0 39 2724 3128 14 641
0 39 2724 3128 15 410
0 40 2724 3128 0 417
0 40 2724 3128 1 393
0 40 2724 3128 2 531
0 40 2724 3128 3 392
0 40 2724 3128 4 700
0 40 2724 3128 5 555
0 40 2724 3128 6 452
0 40 2724 3128 7 588
0 40 2724 3128 8 595
0 40 2724 3128 9 833
0 40 2724 3128 10 686
0 40 2724 3128 11 786
0 40 2724 3128 12 561
0 40 2724 3128 13 564
0 40 2724 3128 14 461
0 40 2724 3128 15 560
0 41 2724 3128 0 313
0 41 2724 3128 1 544
0 41 2724 3128 2 314
0 41 2724 3128 3 339
0 41 2724 3128 4 405
0 41 2724 3128 5 441
0 41 2724 3128 6 467
0 41 2724 3128 7 411
0 41 2724 3128 8 472
0 41 2724 3128 9 433
0 41 2724 3128 10 351
0 41 2724 3128 11 382
0 41 2724 3128 12 406
0 41 2724 3128 13 484
0 41 2724 3128 14 476
0 41 2724 3128 15 405
0 42 2724 3128 0 269
0 42 2724 3128 1 316
0 42 2724 3128 2 377
0 42 2724 3128 3 416
0 42 2724 3128 4 359
0 42 2724 3128 5 330
0 42 2724 3128 6 244
0 42 2724 3128 7 296
0 42 2724 3128 8 359
0 42 2724 3128 9 214
0 42 2724 3128 10 165
0 42 2724 3128 11 194
0 42 2724 3128 12 640
0 42 2724 3128 13 321
0 42 2724 3128 14 355
0 42 2724 3128 15 284
0 43 2724 3128 0 508
0 43 2724 3128 1 464
0 43 2724 3128 2 318
0 43 2724 3128 3 505
0 43 2724 3128 4 355
0 43 2724 3128 5 455
0 43 2724 3128 6 377
0 43 2724 3128 7 317
0 43 2724 3128 8 474
0 43 2724 3128 9 521
0 43 2724 3128 10 320
0 43 2724 3128 11 516
0 43 2724 3128 12 614
0 43 2724 3128 13 707
0 43 2724 3128 14 936
0 43 2724 3128 15 1054
0 44 2724 3128 0 327
0 44 2724 3128 1 359
0 44 2724 3128 2 568
0 44 2724 3128 3 331
0 44 2724 3128 4 331
0 44 2724 3128 5 477
0 44 2724 3128 6 374
0 44 2724 3128 7 364
0 44 2724 3128 8 558
0 44 2724 3128 9 532
0 44 2724 3128 10 686
0 44 2724 3128 11 569
0 44 2724 3128 12 840
0 44 2724 3128 13 511
0 44 2724 3128 14 514
0 44 2724 3128 15 869
0 45 2724 3128 0 341
0 45 2724 3128 1 417
0 45 2724 3128 2 564
0 45 2724 3128 3 392
0 45 2724 3128 4 566
0 45 2724 3128 5 521
0 45 2724 3128 6 607
0 45 2724 3128 7 589
0 45 2724 3128 8 337
0 45 2724 3128 9 408
0 45 2724 3128 10 400
0 45 2724 3128 11 415
0 45 2724 3128 12 600
0 45 2724 3128 13 503
0 45 2724 3128 14 564
0 45 2724 3128 15 470
0 46 2724 3128 0 561
0 46 2724 3128 1 454
0 46 2724 3128 2 416
0 46 2724 3128 3 637
0 46 2724 3128 4 607
0 46 2724 3128 5 478
0 46 2724 3128 6 123
0 46 2724 3128 7 513
0 46 2724 3128 8 648
0 46 2724 3128 9 251
0 46 2724 3128 10 0
0 46 2724 3128 11 406
0 46 2724 3128 12 890
0 46 2724 3128 13 307
0 46 2724 3128 14 241
0 46 2724 3128 15 759
0 47 2724 3128 0 989
0 47 2724 3128 1 800
0 47 2724 3128 2 704
0 47 2724 3128 3 360
0 47 2724 3128 4 446
0 47 2724 3128 5 485
0 47 2724 3128 6 697
0 47 2724 3128 7 510
0 47 2724 3128 8 661
0 47 2724 3128 9 602
0 47 2724 3128 10 526
0 47 2724 3128 11 554
0 47 2724 3128 12 388
0 47 2724 3128 13 473
0 47 2724 3128 14 665
0 47 2724 3128 15 464
0 48 2724 3128 0 253
0 48 2724 3128 1 560
0 48 2724 3128 2 597
0 48 2724 3128 3 405
0 48 2724 3128 4 385
0 48 2724 3128 5 461
0 48 2724 3128 6 550
0 48 2724 3128 7 465
0 48 2724 3128 8 590
0 48 2724 3128 9 455
0 48 2724 3128 10 520
0 48 2724 3128 11 548
0 48 2724 3128 12 793
0 48 2724 3128 13 416
0 48 2724 3128 14 507
0 48 2724 3128 15 393
0 49 2724 3128 0 473
0 49 2724 3128 1 460
0 49 2724 3128 2 531
0 49 2724 3128 3 825
0 49 2724 3128 4 596
0 49 2724 3128 5 647
0 49 2724 3128 6 648
0 49 2724 3128 7 644
0 49 2724 3128 8 837
0 49 2724 3128 9 598
0 49 2724 3128 10 588
0 49 2724 3128 11 644
0 49 2724 3128 12 383
0 49 2724 3128 13 607
0 49 2724 3128 14 698
0 49 2724 3128 15 801
0 50 2724 3128 0 643
0 50 2724 3128 1 599
0 50 2724 3128 2 814
0 50 2724 3128 3 671
0 50 2724 3128 4 584
0 50 2724 3128 5 334
0 50 2724 3128 6 145
0 50 2724 3128 7 605
0 50 2724 3128 8 518
0 50 2724 3128 9 158
0 50 2724 3128 10 0
0 50 2724 3128 11 269
0 50 2724 3128 12 529
0 50 2724 3128 13 6
0 50 2724 3128 14 0
0 50 2724 3128 15 126
0 51 2724 3128 0 84
0 51 2724 3128 1 415
0 51 2724 3128 2 814
0 51 2724 3128 3 612
0 51 2724 3128 4 681
0 51 2724 3128 5 853
0 51 2724 3128 6 686
0 51 2724 3128 7 484
0 51 2724 3128 8 773
0 51 2724 3128 9 703
0 51 2724 3128 10 554
0 51 2724 3128 11 621
0 51 2724 3128 12 1043
0 51 2724 3128 13 1057
0 51 2724 3128 14 1080
0 51 2724 3128 15 1090
0 52 2724 3128 0 862
0 52 2724 3128 1 955
0 52 2724 3128 2 1215
0 52 2724 3128 3 1076
0 52 2724 3128 4 805
0 52 2724 3128 5 689
0 52 2724 3128 6 604
0 52 2724 3128 7 714
0 52 2724 3128 8 865
0 52 2724 3128 9 803
0 52 2724 3128 10 681
0 52 2724 3128 11 539
0 52 2724 3128 12 746
0 52 2724 3128 13 810
0 52 2724 3128 14 707
0 52 2724 3128 15 693
0 53 2724 3128 0 939
0 53 2724 3128 1 1112
0 53 2724 3128 2 896
0 53 2724 3128 3 981
0 53 2724 3128 4 934
0 53 2724 3128 5 1425
0 53 2724 3128 6 1122
0 53 2724 3128 7 1048
0 53 2724 3128 8 841
0 53 2724 3128 9 946
0 53 2724 3128 10 711
0 53 2724 3128 11 869
0 53 2724 3128 12 1541
0 53 2724 3128 13 1067
0 53 2724 3128 14 692
0 53 2724 3128 15 981
0 54 2724 3128 0 897
0 54 2724 3128 1 925
0 54 2724 3128 2 874
0 54 2724 3128 3 669
0 54 2724 3128 4 856
0 54 2724 3128 5 934
0 54 2724 3128 6 810
0 54 2724 3128 7 1067
0 54 2724 3128 8 864
0 54 2724 3128 9 658
0 54 2724 3128 10 1010
0 54 2724 3128 11 828
0 54 2724 3128 12 1080
0 54 2724 3128 13 892
0 54 2724 3128 14 782
0 54 2724 3128 15 938
0 55 2724 3128 0 393
0 55 2724 3128 1 699
0 55 2724 3128 2 598
0 55 2724 3128 3 805
0 55 2724 3128 4 870
0 55 2724 3128 5 632
0 55 2724 3128 6 890
0 55 2724 3128 7 858
0 55 2724 3128 8 901
0 55 2724 3128 9 656
0 55 2724 3128 10 975
0 55 2724 3128 11 807
0 55 2724 3128 12 773
0 55 2724 3128 13 823
0 55 2724 3128 14 646
0 55 2724 3128 15 967
0 56 2724 3128 0 504
0 56 2724 3128 1 456
0 56 2724 3128 2 434
0 56 2724 3128 3 959
0 56 2724 3128 4 619
0 56 2724 3128 5 851
0 56 2724 3128 6 439
0 56 2724 3128 7 435
0 56 2724 3128 8 572
0 56 2724 3128 9 521
0 56 2724 3128 10 600
0 56 2724 3128 11 654
0 56 2724 3128 12 714
0 56 2724 3128 13 842
0 56 2724 3128 14 592
0 56 2724 3128 15 453
0 57 2724 3128 0 1353
0 57 2724 3128 1 1069
0 57 2724 3128 2 880
0 57 2724 3128 3 472
0 57 2724 3128 4 765
0 57 2724 3128 5 798
0 57 2724 3128 6 783
0 57 2724 3128 7 987
0 57 2724 3128 8 1058
0 57 2724 3128 9 847
0 57 2724 3128 10 643
0 57 2724 3128 11 583
0 57 2724 3128 12 1082
0 57 2724 3128 13 639
0 57 2724 3128 14 589
0 57 2724 3128 15 461
0 58 2724 3128 0 745
0 58 2724 3128 1 960
0 58 2724 3128 2 495
0 58 2724 3128 3 584
0 58 2724 3128 4 833
0 58 2724 3128 5 436
0 58 2724 3128 6 407
0 58 2724 3128 7 319
0 58 2724 3128 8 740
0 58 2724 3128 9 623
0 58 2724 3128 10 570
0 58 2724 3128 11 609
0 58 2724 3128 12 631
0 58 2724 3128 13 609
0 58 2724 3128 14 701
0 58 2724 3128 15 536
0 59 2724 3128 0 871
0 59 2724 3128 1 632
0 59 2724 3128 2 589
0 59 2724 3128 3 312
0 59 2724 3128 4 646
0 59 2724 3128 5 466
0 59 2724 3128 6 430
0 59 2724 3128 7 540
0 59 2724 3128 8 819
0 59 2724 3128 9 407
0 59 2724 3128 10 573
0 59 2724 3128 11 500
0 59 2724 3128 12 900
0 59 2724 3128 13 557
0 59 2724 3128 14 686
0 59 2724 3128 15 569
0 60 2724 3128 0 722
0 60 2724 3128 1 842
0 60 2724 3128 2 729
0 60 2724 3128 3 466
0 60 2724 3128 4 872
0 60 2724 3128 5 674
0 60 2724 3128 6 558
0 60 2724 3128 7 265
0 60 2724 3128 8 927
0 60 2724 3128 9 894
0 60 2724 3128 10 589
0 60 2724 3128 11 443
0 60 2724 3128 12 738
0 60 2724 3128 13 825
0 60 2724 3128 14 955
0 60 2724 3128 15 446
0 61 2724 3128 0 391
0 61 2724 3128 1 198
0 61 2724 3128 2 273
0 61 2724 3128 3 56
0 61 2724 3128 4 442
0 61 2724 3128 5 394
0 61 2724 3128 6 341
0 61 2724 3128 7 56
0 61 2724 3128 8 792
0 61 2724 3128 9 411
0 61 2724 3128 10 175
0 61 2724 3128 11 192
0 61 2724 3128 12 410
0 61 2724 3128 13 140
0 61 2724 3128 14 143
0 61 2724 3128 15 121
0 62 2724 3128 0 243
0 62 2724 3128 1 218
0 62 2724 3128 2 373
0 62 2724 3128 3 424
0 62 2724 3128 4 256
0 62 2724 3128 5 328
0 62 2724 3128 6 329
0 62 2724 3128 7 338
0 62 2724 3128 8 271
0 62 2724 3128 9 193
0 62 2724 3128 10 179
0 62 2724 3128 11 256
0 62 2724 3128 12 109
0 62 2724 3128 13 523
0 62 2724 3128 14 257
0 62 2724 3128 15 303
0 63 2724 3128 0 390
0 63 2724 3128 1 332
0 63 2724 3128 2 778
0 63 2724 3128 3 484
0 63 2724 3128 4 426
0 63 2724 3128 5 423
0 63 2724 3128 6 565
0 63 2724 3128 7 595
0 63 2724 3128 8 425
0 63 2724 3128 9 310
0 63 2724 3128 10 343
0 63 2724 3128 11 386
0 63 2724 3128 12 100
0 63 2724 3128 13 160
0 63 2724 3128 14 547
0 63 2724 3128 15 266
0 64 2724 3128 0 294
0 64 2724 3128 1 372
0 64 2724 3128 2 234
0 64 2724 3128 3 461
0 64 2724 3128 4 141
0 64 2724 3128 5 117
0 64 2724 3128 6 305
0 64 2724 3128 7 319
0 64 2724 3128 8 1
0 64 2724 3128 9 0
0 64 2724 3128 10 278
0 64 2724 3128 11 270
0 64 2724 3128 12 0
0 64 2724 3128 13 0
0 64 2724 3128 14 217
0 64 2724 3128 15 278
0 65 2724 3128 0 303
0 65 2724 3128 1 281
0 65 2724 3128 2 18
0 65 2724 3128 3 10
0 65 2724 3128 4 580
0 65 2724 3128 5 761
0 65 2724 3128 6 708
0 65 2724 3128 7 293
0 65 2724 3128 8 246
0 65 2724 3128 9 183
0 65 2724 3128 10 524
0 65 2724 3128 11 860
0 65 2724 3128 12 227
0 65 2724 3128 13 109
0 65 2724 3128 14 206
0 65 2724 3128 15 264
0 66 2724 3128 0 215
0 66 2724 3128 1 266
0 66 2724 3128 2 181
0 66 2724 3128 3 118
0 66 2724 3128 4 184
0 66 2724 3128 5 366
0 66 2724 3128 6 356
0 66 2724 3128 7 122
0 66 2724 3128 8 378
0 66 2724 3128 9 358
0 66 2724 3128 10 317
0 66 2724 3128 11 60
0 66 2724 3128 12 195
0 66 2724 3128 13 347
0 66 2724 3128 14 250
0 66 2724 3128 15 336
0 67 2724 3128 0 205
0 67 2724 3128 1 26
0 67 2724 3128 2 249
0 67 2724 3128 3 347
0 67 2724 3128 4 97
0 67 2724 3128 5 126
0 67 2724 3128 6 353
0 67 2724 3128 7 421
0 67 2724 3128 8 144
0 67 2724 3128 9 613
0 67 2724 3128 10 413
0 67 2724 3128 11 338
0 67 2724 3128 12 390
0 67 2724 3128 13 540
0 67 2724 3128 14 259
0 67 2724 3128 15 394
0 68 2724 3128 0 426
0 68 2724 3128 1 383
0 68 2724 3128 2 394
0 68 2724 3128 3 98
0 68 2724 3128 4 287
0 68 2724 3128 5 505
0 68 2724 3128 6 433
0 68 2724 3128 7 0
0 68 2724 3128 8 287
0 68 2724 3128 9 206
0 68 2724 3128 10 122
0 68 2724 3128 11 39
0 68 2724 3128 12 356
0 68 2724 3128 13 346
0 68 2724 3128 14 268
0 68 2724 3128 15 130
0 69 2724 3128 0 399
0 69 2724 3128 1 552
0 69 2724 3128 2 506
0 69 2724 3128 3 546
0 69 2724 3128 4 477
0 69 2724 3128 5 500
0 69 2724 3128 6 431
0 69 2724 3128 7 505
0 69 2724 3128 8 231
0 69 2724 3128 9 340
0 69 2724 3128 10 336
0 69 2724 3128 11 511
0 69 2724 3128 12 170
0 69 2724 3128 13 276
0 69 2724 3128 14 356
0 69 2724 3128 15 346
0 70 2724 3128 0 671
0 70 2724 3128 1 531
0 70 2724 3128 2 524
0 70 2724 3128 3 439
0 70 2724 3128 4 625
0 70 2724 3128 5 398
0 70 2724 3128 6 499
0 70 2724 3128 7 380
0 70 2724 3128 8 303
0 70 2724 3128 9 357
0 70 2724 3128 10 236
0 70 2724 3128 11 278
0 70 2724 3128 12 384
0 70 2724 3128 13 288
0 70 2724 3128 14 462
0 70 2724 3128 15 430
0 71 2724 3128 0 309
0 71 2724 3128 1 264
0 71 2724 3128 2 372
0 71 2724 3128 3 344
0 71 2724 3128 4 413
0 71 2724 3128 5 243
0 71 2724 3128 6 465
0 71 2724 3128 7 268
0 71 2724 3128 8 338
0 71 2724 3128 9 368
0 71 2724 3128 10 273
0 71 2724 3128 11 286
0 71 2724 3128 12 359
0 71 2724 3128 13 386
0 71 2724 3128 14 310
0 71 2724 3128 15 329
0 72 2724 3128 0 298
0 72 2724 3128 1 356
0 72 2724 3128 2 113
0 72 2724 3128 3 317
0 72 2724 3128 4 377
0 72 2724 3128 5 268
0 72 2724 3128 6 84
0 72 2724 3128 7 309
0 72 2724 3128 8 536
0 72 2724 3128 9 390
0 72 2724 3128 10 321
0 72 2724 3128 11 292
0 72 2724 3128 12 293
0 72 2724 3128 13 443
0 72 2724 3128 14 387
0 72 2724 3128 15 564
0 73 2724 3128 0 252
0 73 2724 3128 1 301
0 73 2724 3128 2 327
0 73 2724 3128 3 309
0 73 2724 3128 4 358
0 73 2724 3128 5 277
0 73 2724 3128 6 365
0 73 2724 3128 7 188
0 73 2724 3128 8 352
0 73 2724 3128 9 302
0 73 2724 3128 10 319
0 73 2724 3128 11 9
0 73 2724 3128 12 256
0 73 2724 3128 13 353
0 73 2724 3128 14 447
0 73 2724 3128 15 69
0 74 2724 3128 0 554
0 74 2724 3128 1 758
0 74 2724 3128 2 368
0 74 2724 3128 3 237
0 74 2724 3128 4 299
0 74 2724 3128 5 328
0 74 2724 3128 6 408
0 74 2724 3128 7 527
0 74 2724 3128 8 307
0 74 2724 3128 9 396
0 74 2724 3128 10 308
0 74 2724 3128 11 355
0 74 2724 3128 12 306
0 74 2724 3128 13 287
0 74 2724 3128 14 312
0 74 2724 3128 15 290
0 75 2724 3128 0 355
0 75 2724 3128 1 305
0 75 2724 3128 2 227
0 75 2724 3128 3 186
0 75 2724 3128 4 424
0 75 2724 3128 5 465
0 75 2724 3128 6 314
0 75 2724 3128 7 243
0 75 2724 3128 8 127
0 75 2724 3128 9 125
0 75 2724 3128 10 331
0 75 2724 3128 11 278
0 75 2724 3128 12 158
0 75 2724 3128 13 179
0 75 2724 3128 14 296
0 75 2724 3128 15 260
0 76 2724 3128 0 233
0 76 2724 3128 1 345
0 76 2724 3128 2 304
0 76 2724 3128 3 207
0 76 2724 3128 4 342
0 76 2724 3128 5 422
0 76 2724 3128 6 442
0 76 2724 3128 7 399
0 76 2724 3128 8 270
0 76 2724 3128 9 338
0 76 2724 3128 10 539
0 76 2724 3128 11 522
0 76 2724 3128 12 188
0 76 2724 3128 13 395
0 76 2724 3128 14 335
0 76 2724 3128 15 306
0 77 2724 3128 0 212
0 77 2724 3128 1 206
0 77 2724 3128 2 278
0 77 2724 3128 3 168
0 77 2724 3128 4 374
0 77 2724 3128 5 417
0 77 2724 3128 6 273
0 77 2724 3128 7 204
0 77 2724 3128 8 437
0 77 2724 3128 9 513
0 77 2724 3128 10 429
0 77 2724 3128 11 326
0 77 2724 3128 12 266
0 77 2724 3128 13 310
0 77 2724 3128 14 301
0 77 2724 3128 15 462
0 78 2724 3128 0 370
0 78 2724 3128 1 354
0 78 2724 3128 2 324
0 78 2724 3128 3 293
0 78 2724 3128 4 320
0 78 2724 3128 5 310
0 78 2724 3128 6 310
0 78 2724 3128 7 291
0 78 2724 3128 8 522
0 78 2724 3128 9 396
0 78 2724 3128 10 355
0 78 2724 3128 11 322
0 78 2724 3128 12 525
0 78 2724 3128 13 481
0 78 2724 3128 14 395
0 78 2724 3128 15 542
0 79 2724 3128 0 388
0 79 2724 3128 1 633
0 79 2724 3128 2 802
0 79 2724 3128 3 601
0 79 2724 3128 4 250
0 79 2724 3128 5 417
0 79 2724 3128 6 341
0 79 2724 3128 7 558
0 79 2724 3128 8 330
0 79 2724 3128 9 248
0 79 2724 3128 10 226
0 79 2724 3128 11 254
0 79 2724 3128 12 352
0 79 2724 3128 13 419
0 79 2724 3128 14 316
0 79 2724 3128 15 275
0 80 2724 3128 0 384
0 80 2724 3128 1 255
0 80 2724 3128 2 428
0 80 2724 3128 3 405
0 80 2724 3128 4 34
0 80 2724 3128 5 180
0 80 2724 3128 6 345
0 80 2724 3128 7 527
0 80 2724 3128 8 31
0 80 2724 3128 9 6
0 80 2724 3128 10 103
0 80 2724 3128 11 386
0 80 2724 3128 12 29
0 80 2724 3128 13 22
0 80 2724 3128 14 376
0 80 2724 3128 15 386
0 81 2724 3128 0 560
0 81 2724 3128 1 440
0 81 2724 3128 2 586
0 81 2724 3128 3 530
0 81 2724 3128 4 450
0 81 2724 3128 5 421
0 81 2724 3128 6 441
0 81 2724 3128 7 446
0 81 2724 3128 8 463
0 81 2724 3128 9 269
0 81 2724 3128 10 437
0 81 2724 3128 11 279
0 81 2724 3128 12 306
0 81 2724 3128 13 330
0 81 2724 3128 14 341
0 81 2724 3128 15 398
0 82 2724 3128 0 216
0 82 2724 3128 1 410
0 82 2724 3128 2 249
0 82 2724 3128 3 322
0 82 2724 3128 4 416
0 82 2724 3128 5 314
0 82 2724 3128 6 447
0 82 2724 3128 7 281
0 82 2724 3128 8 255
0 82 2724 3128 9 302
0 82 2724 3128 10 391
0 82 2724 3128 11 281
0 82 2724 3128 12 202
0 82 2724 3128 13 406
0 82 2724 3128 14 241
0 82 2724 3128 15 261
0 83 2724 3128 0 512
0 83 2724 3128 1 598
0 83 2724 3128 2 532
0 83 2724 3128 3 520
0 83 2724 3128 4 402
0 83 2724 3128 5 461
0 83 2724 3128 6 344
0 83 2724 3128 7 381
0 83 2724 3128 8 321
0 83 2724 3128 9 415
0 83 2724 3128 10 515
0 83 2724 3128 11 377
0 83 2724 3128 12 478
0 83 2724 3128 13 405
0 83 2724 3128 14 394
0 83 2724 3128 15 437
0 84 2724 3128 0 243
0 84 2724 3128 1 149
0 84 2724 3128 2 188
0 84 2724 3128 3 218
0 84 2724 3128 4 218
0 84 2724 3128 5 276
0 84 2724 3128 6 239
0 84 2724 3128 7 238
0 84 2724 3128 8 149
0 84 2724 3128 9 258
0 84 2724 3128 10 155
0 84 2724 3128 11 152
0 84 2724 3128 12 200
0 84 2724 3128 13 186
0 84 2724 3128 14 179
0 84 2724 3128 15 181
0 85 2724 3128 0 303
0 85 2724 3128 1 50
0 85 2724 3128 2 344
0 85 2724 3128 3 369
0 85 2724 3128 4 725
0 85 2724 3128 5 628
0 85 2724 3128 6 314
0 85 2724 3128 7 410
0 85 2724 3128 8 609
0 85 2724 3128 9 485
0 85 2724 3128 10 400
0 85 2724 3128 11 362
0 85 2724 3128 12 677
0 85 2724 3128 13 365
0 85 2724 3128 14 561
0 85 2724 3128 15 470
0 86 2724 3128 0 144
0 86 2724 3128 1 0
0 86 2724 3128 2 0
0 86 2724 3128 3 167
0 86 2724 3128 4 292
0 86 2724 3128 5 1
0 86 2724 3128 6 10
0 86 2724 3128 7 289
0 86 2724 3128 8 413
0 86 2724 3128 9 229
0 86 2724 3128 10 299
0 86 2724 3128 11 323
0 86 2724 3128 12 324
0 86 2724 3128 13 390
0 86 2724 3128 14 304
0 86 2724 3128 15 391
0 87 2724 3128 0 316
0 87 2724 3128 1 491
0 87 2724 3128 2 339
0 87 2724 3128 3 378
0 87 2724 3128 4 349
0 87 2724 3128 5 463
0 87 2724 3128 6 507
0 87 2724 3128 7 527
0 87 2724 3128 8 287
0 87 2724 3128 9 398
0 87 2724 3128 10 347
0 87 2724 3128 11 596
0 87 2724 3128 12 297
0 87 2724 3128 13 254
0 87 2724 3128 14 319
0 87 2724 3128 15 287
0 88 2724 3128 0 381
0 88 2724 3128 1 410
0 88 2724 3128 2 387
0 88 2724 3128 3 467
0 88 2724 3128 4 446
0 88 2724 3128 5 404
0 88 2724 3128 6 339
0 88 2724 3128 7 486
0 88 2724 3128 8 91
0 88 2724 3128 9 307
0 88 2724 3128 10 374
0 88 2724 3128 11 345
0 88 2724 3128 12 622
0 88 2724 3128 13 487
0 88 2724 3128 14 349
0 88 2724 3128 15 296
0 89 2724 3128 0 332
0 89 2724 3128 1 222
0 89 2724 3128 2 338
0 89 2724 3128 3 480
0 89 2724 3128 4 463
0 89 2724 3128 5 388
0 89 2724 3128 6 596
0 89 2724 3128 7 425
0 89 2724 3128 8 446
0 89 2724 3128 9 446
0 89 2724 3128 10 290
0 89 2724 3128 11 377
0 89 2724 3128 12 464
0 89 2724 3128 13 510
0 89 2724 3128 14 424
0 89 2724 3128 15 512
0 90 2724 3128 0 386
0 90 2724 3128 1 422
0 90 2724 3128 2 316
0 90 2724 3128 3 302
0 90 2724 3128 4 354
0 90 2724 3128 5 390
0 90 2724 3128 6 311
0 90 2724 3128 7 352
0 90 2724 3128 8 275
0 90 2724 3128 9 410
0 90 2724 3128 10 405
0 90 2724 3128 11 305
0 90 2724 3128 12 409
0 90 2724 3128 13 433
0 90 2724 3128 14 418
0 90 2724 3128 15 360
0 91 2724 3128 0 498
0 91 2724 3128 1 387
0 91 2724 3128 2 185
0 91 2724 3128 3 258
0 91 2724 3128 4 255
0 91 2724 3128 5 418
0 91 2724 3128 6 306
0 91 2724 3128 7 347
0 91 2724 3128 8 261
0 91 2724 3128 9 300
0 91 2724 3128 10 387
0 91 2724 3128 11 288
0 91 2724 3128 12 425
0 91 2724 3128 13 298
0 91 2724 3128 14 364
0 91 2724 3128 15 227
0 92 2724 3128 0 250
0 92 2724 3128 1 177
0 92 2724 3128 2 226
0 92 2724 3128 3 337
0 92 2724 3128 4 365
0 92 2724 3128 5 205
0 92 2724 3128 6 190
0 92 2724 3128 7 193
0 92 2724 3128 8 260
0 92 2724 3128 9 436
0 92 2724 3128 10 263
0 92 2724 3128 11 344
0 92 2724 3128 12 268
0 92 2724 3128 13 262
0 92 2724 3128 14 242
0 92 2724 3128 15 196
0 93 2724 3128 0 202
0 93 2724 3128 1 244
0 93 2724 3128 2 183
0 93 2724 3128 3 288
0 93 2724 3128 4 195
0 93 2724 3128 5 317
0 93 2724 3128 6 204
0 93 2724 3128 7 241
0 93 2724 3128 8 294
0 93 2724 3128 9 276
0 93 2724 3128 10 51
0 93 2724 3128 11 0
0 93 2724 3128 12 340
0 93 2724 3128 13 388
0 93 2724 3128 14 74
0 93 2724 3128 15 19
0 94 2724 3128 0 242
0 94 2724 3128 1 238
0 94 2724 3128 2 206
0 94 2724 3128 3 406
0 94 2724 3128 4 209
0 94 2724 3128 5 187
0 94 2724 3128 6 375
0 94 2724 3128 7 142
0 94 2724 3128 8 117
0 94 2724 3128 9 120
0 94 2724 3128 10 256
0 94 2724 3128 11 141
0 94 2724 3128 12 11
0 94 2724 3128 13 149
0 94 2724 3128 14 248
0 94 2724 3128 15 241
0 95 2724 3128 0 327
0 95 2724 3128 1 362
0 95 2724 3128 2 392
0 95 2724 3128 3 278
0 95 2724 3128 4 261
0 95 2724 3128 5 180
0 95 2724 3128 6 226
0 95 2724 3128 7 395
0 95 2724 3128 8 279
0 95 2724 3128 9 219
0 95 2724 3128 10 150
0 95 2724 3128 11 230
0 95 2724 3128 12 233
0 95 2724 3128 13 224
0 95 2724 3128 14 199
0 95 2724 3128 15 231
0 96 2724 3128 0 323
0 96 2724 3128 1 379
0 96 2724 3128 2 224
0 96 2724 3128 3 361
0 96 2724 3128 4 266
0 96 2724 3128 5 218
0 96 2724 3128 6 318
0 96 2724 3128 7 394
0 96 2724 3128 8 277
0 96 2724 3128 9 401
0 96 2724 3128 10 203
0 96 2724 3128 11 395
0 96 2724 3128 12 409
0 96 2724 3128 13 384
0 96 2724 3128 14 325
0 96 2724 3128 15 277
0 97 2724 3128 0 506
0 97 2724 3128 1 182
0 97 2724 3128 2 6
0 97 2724 3128 3 77
0 97 2724 3128 4 441
0 97 2724 3128 5 347
0 97 2724 3128 6 542
0 97 2724 3128 7 352
0 97 2724 3128 8 272
0 97 2724 3128 9 267
0 97 2724 3128 10 249
0 97 2724 3128 11 290
0 97 2724 3128 12 406
0 97 2724 3128 13 273
0 97 2724 3128 14 326
0 97 2724 3128 15 280
0 98 2724 3128 0 579
0 98 2724 3128 1 416
0 98 2724 3128 2 704
0 98 2724 3128 3 529
0 98 2724 3128 4 562
0 98 2724 3128 5 327
0 98 2724 3128 6 280
0 98 2724 3128 7 359
0 98 2724 3128 8 504
0 98 2724 3128 9 404
0 98 2724 3128 10 298
0 98 2724 3128 11 533
0 98 2724 3128 12 495
0 98 2724 3128 13 409
0 98 2724 3128 14 223
0 98 2724 3128 15 433
0 99 2724 3128 0 645
0 99 2724 3128 1 510
0 99 2724 3128 2 521
0 99 2724 3128 3 555
0 99 2724 3128 4 459
0 99 2724 3128 5 490
0 99 2724 3128 6 349
0 99 2724 3128 7 425
0 99 2724 3128 8 309
0 99 2724 3128 9 430
0 99 2724 3128 10 406
0 99 2724 3128 11 498
0 99 2724 3128 12 590
0 99 2724 3128 13 542
0 99 2724 3128 14 580
0 99 2724 3128 15 653
0 100 2724 3128 0 355
0 100 2724 3128 1 346
0 100 2724 3128 2 377
0 100 2724 3128 3 262
0 100 2724 3128 4 292
0 100 2724 3128 5 317
0 100 2724 3128 6 409
0 100 2724 3128 7 335
0 100 2724 3128 8 339
0 100 2724 3128 9 454
0 100 2724 3128 10 357
0 100 2724 3128 11 339
0 100 2724 3128 12 288
0 100 2724 3128 13 640
0 100 2724 3128 14 400
0 100 2724 3128 15 807
0 101 2724 3128 0 545
0 101 2724 3128 1 632
0 101 2724 3128 2 520
0 101 2724 3128 3 517
0 101 2724 3128 4 518
0 101 2724 3128 5 450
0 101 2724 3128 6 465
0 101 2724 3128 7 541
0 101 2724 3128 8 331
0 101 2724 3128 9 417
0 101 2724 3128 10 333
0 101 2724 3128 11 471
0 101 2724 3128 12 330
0 101 2724 3128 13 354
0 101 2724 3128 14 468
0 101 2724 3128 15 518
0 102 2724 3128 0 378
0 102 2724 3128 1 601
0 102 2724 3128 2 391
0 102 2724 3128 3 316
0 102 2724 3128 4 734
0 102 2724 3128 5 600
0 102 2724 3128 6 574
0 102 2724 3128 7 447
0 102 2724 3128 8 389
0 102 2724 3128 9 400
0 102 2724 3128 10 414
0 102 2724 3128 11 269
0 102 2724 3128 12 474
0 102 2724 3128 13 444
0 102 2724 3128 14 626
0 102 2724 3128 15 480
0 103 2724 3128 0 331
0 103 2724 3128 1 459
0 103 2724 3128 2 501
0 103 2724 3128 3 278
0 103 2724 3128 4 302
0 103 2724 3128 5 406
0 103 2724 3128 6 389
0 103 2724 3128 7 342
0 103 2724 3128 8 386
0 103 2724 3128 9 481
0 103 2724 3128 10 356
0 103 2724 3128 11 392
0 103 2724 3128 12 291
0 103 2724 3128 13 200
0 103 2724 3128 14 286
0 103 2724 3128 15 378
0 104 2724 3128 0 316
0 104 2724 3128 1 468
0 104 2724 3128 2 331
0 104 2724 3128 3 312
0 104 2724 3128 4 272
0 104 2724 3128 5 537
0 104 2724 3128 6 520
0 104 2724 3128 7 356
0 104 2724 3128 8 72
0 104 2724 3128 9 227
0 104 2724 3128 10 374
0 104 2724 3128 11 316
0 104 2724 3128 12 138
0 104 2724 3128 13 300
0 104 2724 3128 14 221
0 104 2724 3128 15 298
0 105 2724 3128 0 468
0 105 2724 3128 1 576
0 105 2724 3128 2 351
0 105 2724 3128 3 297
0 105 2724 3128 4 422
0 105 2724 3128 5 419
0 105 2724 3128 6 301
0 105 2724 3128 7 234
0 105 2724 3128 8 130
0 105 2724 3128 9 405
0 105 2724 3128 10 434
0 105 2724 3128 11 17
0 105 2724 3128 12 0
0 105 2724 3128 13 276
0 105 2724 3128 14 393
0 105 2724 3128 15 0
0 106 2724 3128 0 331
0 106 2724 3128 1 258
0 106 2724 3128 2 356
0 106 2724 3128 3 207
0 106 2724 3128 4 295
0 106 2724 3128 5 260
0 106 2724 3128 6 360
0 106 2724 3128 7 450
0 106 2724 3128 8 213
0 106 2724 3128 9 350
0 106 2724 3128 10 455
0 106 2724 3128 11 193
0 106 2724 3128 12 312
0 106 2724 3128 13 370
0 106 2724 3128 14 291
0 106 2724 3128 15 3
0 107 2724 3128 0 827
0 107 2724 3128 1 459
0 107 2724 3128 2 355
0 107 2724 3128 3 436
0 107 2724 3128 4 544
0 107 2724 3128 5 504
0 107 2724 3128 6 433
0 107 2724 3128 7 502
0 107 2724 3128 8 397
0 107 2724 3128 9 328
0 107 2724 3128 10 390
0 107 2724 3128 11 436
0 107 2724 3128 12 300
0 107 2724 3128 13 326
0 107 2724 3128 14 342
0 107 2724 3128 15 446
0 108 2724 3128 0 469
0 108 2724 3128 1 471
0 108 2724 3128 2 309
0 108 2724 3128 3 355
0 108 2724 3128 4 335
0 108 2724 3128 5 458
0 108 2724 3128 6 479
0 108 2724 3128 7 433
0 108 2724 3128 8 370
0 108 2724 3128 9 405
0 108 2724 3128 10 353
0 108 2724 3128 11 379
0 108 2724 3128 12 411
0 108 2724 3128 13 292
0 108 2724 3128 14 326
0 108 2724 3128 15 537
0 109 2724 3128 0 493
0 109 2724 3128 1 365
0 109 2724 3128 2 362
0 109 2724 3128 3 458
0 109 2724 3128 4 496
0 109 2724 3128 5 431
0 109 2724 3128 6 221
0 109 2724 3128 7 144
0 109 2724 3128 8 668
0 109 2724 3128 9 535
0 109 2724 3128 10 88
0 109 2724 3128 11 3
0 109 2724 3128 12 615
0 109 2724 3128 13 448
0 109 2724 3128 14 418
0 109 2724 3128 15 163
0 110 2724 3128 0 322
0 110 2724 3128 1 302
0 110 2724 3128 2 450
0 110 2724 3128 3 362
0 110 2724 3128 4 431
0 110 2724 3128 5 399
0 110 2724 3128 6 328
0 110 2724 3128 7 382
0 110 2724 3128 8 296
0 110 2724 3128 9 420
0 110 2724 3128 10 385
0 110 2724 3128 11 428
0 110 2724 3128 12 156
0 110 2724 3128 13 553
0 110 2724 3128 14 403
0 110 2724 3128 15 348
0 111 2724 3128 0 411
0 111 2724 3128 1 264
0 111 2724 3128 2 322
0 111 2724 3128 3 451
0 111 2724 3128 4 441
0 111 2724 3128 5 290
0 111 2724 3128 6 257
0 111 2724 3128 7 380
0 111 2724 3128 8 459
0 111 2724 3128 9 405
0 111 2724 3128 10 360
0 111 2724 3128 11 294
0 111 2724 3128 12 562
0 111 2724 3128 13 702
0 111 2724 3128 14 435
0 111 2724 3128 15 392
0 112 2724 3128 0 211
0 112 2724 3128 1 391
0 112 2724 3128 2 628
0 112 2724 3128 3 431
0 112 2724 3128 4 368
0 112 2724 3128 5 291
0 112 2724 3128 6 356
0 112 2724 3128 7 327
0 112 2724 3128 8 382
0 112 2724 3128 9 439
0 112 2724 3128 10 444
0 112 2724 3128 11 389
0 112 2724 3128 12 357
0 112 2724 3128 13 353
0 112 2724 3128 14 516
0 112 2724 3128 15 386
0 113 2724 3128 0 270
0 113 2724 3128 1 392
0 113 2724 3128 2 251
0 113 2724 3128 3 287
0 113 2724 3128 4 349
0 113 2724 3128 5 324
0 113 2724 3128 6 71
0 113 2724 3128 7 457
0 113 2724 3128 8 214
0 113 2724 3128 9 441
0 113 2724 3128 10 302
0 113 2724 3128 11 446
0 113 2724 3128 12 305
0 113 2724 3128 13 355
0 113 2724 3128 14 430
0 113 2724 3128 15 447
0 114 2724 3128 0 311
0 114 2724 3128 1 393
0 114 2724 3128 2 381
0 114 2724 3128 3 281
0 114 2724 3128 4 258
0 114 2724 3128 5 506
0 114 2724 3128 6 398
0 114 2724 3128 7 460
0 114 2724 3128 8 323
0 114 2724 3128 9 242
0 114 2724 3128 10 351
0 114 2724 3128 11 381
0 114 2724 3128 12 274
0 114 2724 3128 13 0
0 114 2724 3128 14 53
0 114 2724 3128 15 471
0 115 2724 3128 0 368
0 115 2724 3128 1 362
0 115 2724 3128 2 367
0 115 2724 3128 3 386
0 115 2724 3128 4 337
0 115 2724 3128 5 316
0 115 2724 3128 6 350
0 115 2724 3128 7 480
0 115 2724 3128 8 490
0 115 2724 3128 9 425
0 115 2724 3128 10 439
0 115 2724 3128 11 369
0 115 2724 3128 12 457
0 115 2724 3128 13 475
0 115 2724 3128 14 425
0 115 2724 3128 15 287
0 116 2724 3128 0 199
0 116 2724 3128 1 0
0 116 2724 3128 2 10
0 116 2724 3128 3 263
0 116 2724 3128 4 204
0 116 2724 3128 5 0
0 116 2724 3128 6 154
0 116 2724 3128 7 126
0 116 2724 3128 8 309
0 116 2724 3128 9 105
0 116 2724 3128 10 309
0 116 2724 3128 11 335
0 116 2724 3128 12 455
0 116 2724 3128 13 424
0 116 2724 3128 14 386
0 116 2724 3128 15 376
0 117 2724 3128 0 404
0 117 2724 3128 1 282
0 117 2724 3128 2 216
0 117 2724 3128 3 188
0 117 2724 3128 4 203
0 117 2724 3128 5 278
0 117 2724 3128 6 279
0 117 2724 3128 7 152
0 117 2724 3128 8 219
0 117 2724 3128 9 200
0 117 2724 3128 10 131
0 117 2724 3128 11 136
0 117 2724 3128 12 266
0 117 2724 3128 13 150
0 117 2724 3128 14 183
0 117 2724 3128 15 64
0 118 2724 3128 0 443
0 118 2724 3128 1 418
0 118 2724 3128 2 240
0 118 2724 3128 3 358
0 118 2724 3128 4 531
0 118 2724 3128 5 535
0 118 2724 3128 6 366
0 118 2724 3128 7 489
0 118 2724 3128 8 322
0 118 2724 3128 9 342
0 118 2724 3128 10 432
0 118 2724 3128 11 305
0 118 2724 3128 12 306
0 118 2724 3128 13 248
0 118 2724 3128 14 13
0 118 2724 3128 15 71
0 119 2724 3128 0 259
0 119 2724 3128 1 281
0 119 2724 3128 2 432
0 119 2724 3128 3 269
0 119 2724 3128 4 804
0 119 2724 3128 5 625
0 119 2724 3128 6 459
0 119 2724 3128 7 336
0 119 2724 3128 8 517
0 119 2724 3128 9 284
0 119 2724 3128 10 227
0 119 2724 3128 11 539
0 119 2724 3128 12 352
0 119 2724 3128 13 275
0 119 2724 3128 14 387
0 119 2724 3128 15 162
0 120 2724 3128 0 404
0 120 2724 3128 1 401
0 120 2724 3128 2 274
0 120 2724 3128 3 375
0 120 2724 3128 4 414
0 120 2724 3128 5 361
0 120 2724 3128 6 380
0 120 2724 3128 7 420
0 120 2724 3128 8 302
0 120 2724 3128 9 243
0 120 2724 3128 10 520
0 120 2724 3128 11 341
0 120 2724 3128 12 296
0 120 2724 3128 13 335
0 120 2724 3128 14 297
0 120 2724 3128 15 411
0 121 2724 3128 0 469
0 121 2724 3128 1 420
0 121 2724 3128 2 464
0 121 2724 3128 3 282
0 121 2724 3128 4 448
0 121 2724 3128 5 412
0 121 2724 3128 6 250
0 121 2724 3128 7 234
0 121 2724 3128 8 471
0 121 2724 3128 9 633
0 121 2724 3128 10 494
0 121 2724 3128 11 595
0 121 2724 3128 12 305
0 121 2724 3128 13 238
0 121 2724 3128 14 331
0 121 2724 3128 15 400
0 122 2724 3128 0 96
0 122 2724 3128 1 281
0 122 2724 3128 2 329
0 122 2724 3128 3 286
0 122 2724 3128 4 27
0 122 2724 3128 5 252
0 122 2724 3128 6 293
0 122 2724 3128 7 441
0 122 2724 3128 8 14
0 122 2724 3128 9 144
0 122 2724 3128 10 440
0 122 2724 3128 11 349
0 122 2724 3128 12 110
0 122 2724 3128 13 316
0 122 2724 3128 14 495
0 122 2724 3128 15 222
0 123 2724 3128 0 272
0 123 2724 3128 1 258
0 123 2724 3128 2 233
0 123 2724 3128 3 240
0 123 2724 3128 4 301
0 123 2724 3128 5 336
0 123 2724 3128 6 289
0 123 2724 3128 7 400
0 123 2724 3128 8 383
0 123 2724 3128 9 254
0 123 2724 3128 10 282
0 123 2724 3128 11 246
0 123 2724 3128 12 294
0 123 2724 3128 13 275
0 123 2724 3128 14 289
0 123 2724 3128 15 353
0 124 2724 3128 0 350
0 124 2724 3128 1 277
0 124 2724 3128 2 490
0 124 2724 3128 3 462
0 124 2724 3128 4 419
0 124 2724 3128 5 475
0 124 2724 3128 6 382
0 124 2724 3128 7 315
0 124 2724 3128 8 413
0 124 2724 3128 9 467
0 124 2724 3128 10 444
0 124 2724 3128 11 466
0 124 2724 3128 12 454
0 124 2724 3128 13 445
0 124 2724 3128 14 329
0 124 2724 3128 15 525
0 125 2724 3128 0 317
0 125 2724 3128 1 297
0 125 2724 3128 2 284
0 125 2724 3128 3 280
0 125 2724 3128 4 186
0 125 2724 3128 5 241
0 125 2724 3128 6 296
0 125 2724 3128 7 244
0 125 2724 3128 8 239
0 125 2724 3128 9 263
0 125 2724 3128 10 300
0 125 2724 3128 11 289
0 125 2724 3128 12 361
0 125 2724 3128 13 265
0 125 2724 3128 14 93
0 125 2724 3128 15 306
0 126 2724 3128 0 499
0 126 2724 3128 1 118
0 126 2724 3128 2 197
0 126 2724 3128 3 118
0 126 2724 3128 4 363
0 126 2724 3128 5 144
0 126 2724 3128 6 252
0 126 2724 3128 7 42
0 126 2724 3128 8 446
0 126 2724 3128 9 224
0 126 2724 3128 10 284
0 126 2724 3128 11 0
0 126 2724 3128 12 290
0 126 2724 3128 13 198
0 126 2724 3128 14 320
0 126 2724 3128 15 13
0 127 2724 3128 0 262
0 127 2724 3128 1 97
0 127 2724 3128 2 93
0 127 2724 3128 3 83
0 127 2724 3128 4 218
0 127 2724 3128 5 120
0 127 2724 3128 6 65
0 127 2724 3128 7 179
0 127 2724 3128 8 242
0 127 2724 3128 9 142
0 127 2724 3128 10 158
0 127 2724 3128 11 348
0 127 2724 3128 12 229
0 127 2724 3128 13 248
0 127 2724 3128 14 250
0 127 2724 3128 15 224
0 128 2724 3128 0 277
0 128 2724 3128 1 368
0 128 2724 3128 2 549
0 128 2724 3128 3 333
0 128 2724 3128 4 267
0 128 2724 3128 5 259
0 128 2724 3128 6 420
0 128 2724 3128 7 518
0 128 2724 3128 8 378
0 128 2724 3128 9 278
0 128 2724 3128 10 372
0 128 2724 3128 11 381
0 128 2724 3128 12 311
0 128 2724 3128 13 236
0 128 2724 3128 14 386
0 128 2724 3128 15 305
0 129 2724 3128 0 249
0 129 2724 3128 1 221
0 129 2724 3128 2 207
0 129 2724 3128 3 24
0 129 2724 3128 4 323
0 129 2724 3128 5 337
0 129 2724 3128 6 193
0 129 2724 3128 7 176
0 129 2724 3128 8 351
0 129 2724 3128 9 242
0 129 2724 3128 10 364
0 129 2724 3128 11 268
0 129 2724 3128 12 369
0 129 2724 3128 13 411
0 129 2724 3128 14 365
0 129 2724 3128 15 250
0 130 2724 3128 0 341
0 130 2724 3128 1 280
0 130 2724 3128 2 362
0 130 2724 3128 3 304
0 130 2724 3128 4 290
0 130 2724 3128 5 361
0 130 2724 3128 6 456
0 130 2724 3128 7 447
0 130 2724 3128 8 385
0 130 2724 3128 9 513
0 130 2724 3128 10 316
0 130 2724 3128 11 399
0 130 2724 3128 12 348
0 130 2724 3128 13 321
0 130 2724 3128 14 273
0 130 2724 3128 15 442
0 131 2724 3128 0 299
0 131 2724 3128 1 273
0 131 2724 3128 2 275
0 131 2724 3128 3 271
0 131 2724 3128 4 351
0 131 2724 3128 5 327
0 131 2724 3128 6 283
0 131 2724 3128 7 335
0 131 2724 3128 8 398
0 131 2724 3128 9 389
0 131 2724 3128 10 247
0 131 2724 3128 11 319
0 131 2724 3128 12 334
0 131 2724 3128 13 284
0 131 2724 3128 14 427
0 131 2724 3128 15 387
0 132 2724 3128 0 254
0 132 2724 3128 1 251
0 132 2724 3128 2 247
0 132 2724 3128 3 242
0 132 2724 3128 4 297
0 132 2724 3128 5 342
0 132 2724 3128 6 294
0 132 2724 3128 7 458
0 132 2724 3128 8 269
0 132 2724 3128 9 363
0 132 2724 3128 10 339
0 132 2724 3128 11 188
0 132 2724 3128 12 248
0 132 2724 3128 13 338
0 132 2724 3128 14 218
0 132 2724 3128 15 319
0 133 2724 3128 0 233
0 133 2724 3128 1 352
0 133 2724 3128 2 465
0 133 2724 3128 3 276
0 133 2724 3128 4 363
0 133 2724 3128 5 246
0 133 2724 3128 6 344
0 133 2724 3128 7 284
0 133 2724 3128 8 334
0 133 2724 3128 9 260
0 133 2724 3128 10 284
0 133 2724 3128 11 368
0 133 2724 3128 12 239
0 133 2724 3128 13 281
0 133 2724 3128 14 308
0 133 2724 3128 15 455
0 134 2724 3128 0 288
0 134 2724 3128 1 256
0 134 2724 3128 2 251
0 134 2724 3128 3 286
0 134 2724 3128 4 285
0 134 2724 3128 5 246
0 134 2724 3128 6 241
0 134 2724 3128 7 205
0 134 2724 3128 8 278
0 134 2724 3128 9 305
0 134 2724 3128 10 321
0 134 2724 3128 11 138
0 134 2724 3128 12 216
0 134 2724 3128 13 209
0 134 2724 3128 14 327
0 134 2724 3128 15 243
0 135 2724 3128 0 139
0 135 2724 3128 1 267
0 135 2724 3128 2 275
0 135 2724 3128 3 242
0 135 2724 3128 4 415
0 135 2724 3128 5 499
0 135 2724 3128 6 339
0 135 2724 3128 7 206
0 135 2724 3128 8 293
0 135 2724 3128 9 245
0 135 2724 3128 10 356
0 135 2724 3128 11 268
0 135 2724 3128 12 337
0 135 2724 3128 13 434
0 135 2724 3128 14 299
0 135 2724 3128 15 253
0 136 2724 3128 0 293
0 136 2724 3128 1 346
0 136 2724 3128 2 192
0 136 2724 3128 3 319
0 136 2724 3128 4 247
0 136 2724 3128 5 329
0 136 2724 3128 6 240
0 136 2724 3128 7 313
0 136 2724 3128 8 258
0 136 2724 3128 9 360
0 136 2724 3128 10 177
0 136 2724 3128 11 272
0 136 2724 3128 12 309
0 136 2724 3128 13 369
0 136 2724 3128 14 297
0 136 2724 3128 15 334
0 137 2724 3128 0 326
0 137 2724 3128 1 282
0 137 2724 3128 2 275
0 137 2724 3128 3 252
0 137 2724 3128 4 250
0 137 2724 3128 5 356
0 137 2724 3128 6 466
0 137 2724 3128 7 429
0 137 2724 3128 8 293
0 137 2724 3128 9 235
0 137 2724 3128 10 305
0 137 2724 3128 11 313
0 137 2724 3128 12 423
0 137 2724 3128 13 317
0 137 2724 3128 14 298
0 137 2724 3128 15 257
0 138 2724 3128 0 230
0 138 2724 3128 1 225
0 138 2724 3128 2 296
0 138 2724 3128 3 184
0 138 2724 3128 4 401
0 138 2724 3128 5 294
0 138 2724 3128 6 249
0 138 2724 3128 7 256
0 138 2724 3128 8 167
0 138 2724 3128 9 226
0 138 2724 3128 10 214
0 138 2724 3128 11 196
0 138 2724 3128 12 178
0 138 2724 3128 13 245
0 138 2724 3128 14 249
0 138 2724 3128 15 292
0 139 2724 3128 0 310
0 139 2724 3128 1 337
0 139 2724 3128 2 700
0 139 2724 3128 3 333
0 139 2724 3128 4 324
0 139 2724 3128 5 295
0 139 2724 3128 6 288
0 139 2724 3128 7 307
0 139 2724 3128 8 274
0 139 2724 3128 9 269
0 139 2724 3128 10 426
0 139 2724 3128 11 420
0 139 2724 3128 12 260
0 139 2724 3128 13 440
0 139 2724 3128 14 324
0 139 2724 3128 15 411
0 140 2724 3128 0 464
0 140 2724 3128 1 254
0 140 2724 3128 2 278
0 140 2724 3128 3 257
0 140 2724 3128 4 384
0 140 2724 3128 5 373
0 140 2724 3128 6 471
0 140 2724 3128 7 258
0 140 2724 3128 8 318
0 140 2724 3128 9 326
0 140 2724 3128 10 294
0 140 2724 3128 11 406
0 140 2724 3128 12 608
0 140 2724 3128 13 418
0 140 2724 3128 14 324
0 140 2724 3128 15 394
0 141 2724 3128 0 156
0 141 2724 3128 1 322
0 141 2724 3128 2 438
0 141 2724 3128 3 341
0 141 2724 3128 4 98
0 141 2724 3128 5 323
0 141 2724 3128 6 402
0 141 2724 3128 7 491
0 141 2724 3128 8 355
0 141 2724 3128 9 322
0 141 2724 3128 10 188
0 141 2724 3128 11 320
0 141 2724 3128 12 319
0 141 2724 3128 13 441
0 141 2724 3128 14 190
0 141 2724 3128 15 249
0 142 2724 3128 0 278
0 142 2724 3128 1 283
0 142 2724 3128 2 248
0 142 2724 3128 3 293
0 142 2724 3128 4 255
0 142 2724 3128 5 243
0 142 2724 3128 6 310
0 142 2724 3128 7 220
0 142 2724 3128 8 143
0 142 2724 3128 9 137
0 142 2724 3128 10 559
0 142 2724 3128 11 369
0 142 2724 3128 12 163
0 142 2724 3128 13 0
0 142 2724 3128 14 337
0 142 2724 3128 15 293
0 143 2724 3128 0 271
0 143 2724 3128 1 362
0 143 2724 3128 2 80
0 143 2724 3128 3 103
0 143 2724 3128 4 282
0 143 2724 3128 5 290
0 143 2724 3128 6 188
0 143 2724 3128 7 176
0 143 2724 3128 8 375
0 143 2724 3128 9 348
0 143 2724 3128 10 292
0 143 2724 3128 11 256
0 143 2724 3128 12 386
0 143 2724 3128 13 306
0 143 2724 3128 14 233
0 143 2724 3128 15 247
0 144 2724 3128 0 838
0 144 2724 3128 1 1063
0 144 2724 3128 2 841
0 144 2724 3128 3 339
0 144 2724 3128 4 977
0 144 2724 3128 5 1333
0 144 2724 3128 6 914
0 144 2724 3128 7 126
0 144 2724 3128 8 237
0 144 2724 3128 9 445
0 144 2724 3128 10 382
0 144 2724 3128 11 240
0 144 2724 3128 12 511
0 144 2724 3128 13 420
0 144 2724 3128 14 360
0 144 2724 3128 15 287
0 145 2724 3128 0 273
0 145 2724 3128 1 189
0 145 2724 3128 2 58
0 145 2724 3128 3 308
0 145 2724 3128 4 215
0 145 2724 3128 5 15
0 145 2724 3128 6 0
0 145 2724 3128 7 125
0 145 2724 3128 8 135
0 145 2724 3128 9 21
0 145 2724 3128 10 1
0 145 2724 3128 11 54
0 145 2724 3128 12 164
0 145 2724 3128 13 132
0 145 2724 3128 14 103
0 145 2724 3128 15 150
0 146 2724 3128 0 500
0 146 2724 3128 1 546
0 146 2724 3128 2 626
0 146 2724 3128 3 665
0 146 2724 3128 4 291
0 146 2724 3128 5 1047
0 146 2724 3128 6 547
0 146 2724 3128 7 586
0 146 2724 3128 8 230
0 146 2724 3128 9 10
0 146 2724 3128 10 486
0 146 2724 3128 11 426
0 146 2724 3128 12 444
0 146 2724 3128 13 390
0 146 2724 3128 14 527
0 146 2724 3128 15 451
0 147 2724 3128 0 595
0 147 2724 3128 1 611
0 147 2724 3128 2 554
0 147 2724 3128 3 377
0 147 2724 3128 4 641
0 147 2724 3128 5 450
0 147 2724 3128 6 555
0 147 2724 3128 7 441
0 147 2724 3128 8 274
0 147 2724 3128 9 176
0 147 2724 3128 10 242
0 147 2724 3128 11 393
0 147 2724 3128 12 278
0 147 2724 3128 13 400
0 147 2724 3128 14 316
0 147 2724 3128 15 387
0 148 2724 3128 0 241
0 148 2724 3128 1 312
0 148 2724 3128 2 362
0 148 2724 3128 3 242
0 148 2724 3128 4 314
0 148 2724 3128 5 207
0 148 2724 3128 6 260
0 148 2724 3128 7 346
0 148 2724 3128 8 161
0 148 2724 3128 9 290
0 148 2724 3128 10 311
0 148 2724 3128 11 281
0 148 2724 3128 12 0
0 148 2724 3128 13 197
0 148 2724 3128 14 304
0 148 2724 3128 15 294
0 149 2724 3128 0 121
0 149 2724 3128 1 0
0 149 2724 3128 2 0
0 149 2724 3128 3 184
0 149 2724 3128 4 69
0 149 2724 3128 5 0
0 149 2724 3128 6 17
0 149 2724 3128 7 333
0 149 2724 3128 8 179
0 149 2724 3128 9 79
0 149 2724 3128 10 145
0 149 2724 3128 11 330
0 149 2724 3128 12 225
0 149 2724 3128 13 341
0 149 2724 3128 14 384
0 149 2724 3128 15 236
0 150 2724 3128 0 416
0 150 2724 3128 1 471
0 150 2724 3128 2 522
0 150 2724 3128 3 178
0 150 2724 3128 4 325
0 150 2724 3128 5 408
0 150 2724 3128 6 407
0 150 2724 3128 7 658
0 150 2724 3128 8 309
0 150 2724 3128 9 424
0 150 2724 3128 10 327
0 150 2724 3128 11 347
0 150 2724 3128 12 289
0 150 2724 3128 13 397
0 150 2724 3128 14 321
0 150 2724 3128 15 369
0 151 2724 3128 0 291
0 151 2724 3128 1 308
0 151 2724 3128 2 318
0 151 2724 3128 3 283
0 151 2724 3128 4 339
0 151 2724 3128 5 292
0 151 2724 3128 6 375
0 151 2724 3128 7 333
0 151 2724 3128 8 190
0 151 2724 3128 9 343
0 151 2724 3128 10 229
0 151 2724 3128 11 306
0 151 2724 3128 12 0
0 151 2724 3128 13 168
0 151 2724 3128 14 176
0 151 2724 3128 15 172
0 152 2724 3128 0 1
0 152 2724 3128 1 91
0 152 2724 3128 2 272
0 152 2724 3128 3 330
0 152 2724 3128 4 0
0 152 2724 3128 5 34
0 152 2724 3128 6 300
0 152 2724 3128 7 319
0 152 2724 3128 8 93
0 152 2724 3128 9 85
0 152 2724 3128 10 373
0 152 2724 3128 11 423
0 152 2724 3128 12 373
0 152 2724 3128 13 211
0 152 2724 3128 14 420
0 152 2724 3128 15 368
0 153 2724 3128 0 260
0 153 2724 3128 1 279
0 153 2724 3128 2 328
0 153 2724 3128 3 256
0 153 2724 3128 4 631
0 153 2724 3128 5 321
0 153 2724 3128 6 251
0 153 2724 3128 7 421
0 153 2724 3128 8 421
0 153 2724 3128 9 385
0 153 2724 3128 10 461
0 153 2724 3128 11 607
0 153 2724 3128 12 389
0 153 2724 3128 13 304
0 153 2724 3128 14 228
0 153 2724 3128 15 256
0 154 2724 3128 0 290
0 154 2724 3128 1 195
0 154 2724 3128 2 190
0 154 2724 3128 3 309
0 154 2724 3128 4 373
0 154 2724 3128 5 280
0 154 2724 3128 6 181
0 154 2724 3128 7 381
0 154 2724 3128 8 503
0 154 2724 3128 9 377
0 154 2724 3128 10 291
0 154 2724 3128 11 351
0 154 2724 3128 12 322
0 154 2724 3128 13 358
0 154 2724 3128 14 692
0 154 2724 3128 15 662
0 155 2724 3128 0 373
0 155 2724 3128 1 182
0 155 2724 3128 2 185
0 155 2724 3128 3 257
0 155 2724 3128 4 274
0 155 2724 3128 5 226
0 155 2724 3128 6 327
0 155 2724 3128 7 298
0 155 2724 3128 8 219
0 155 2724 3128 9 291
0 155 2724 3128 10 308
0 155 2724 3128 11 86
0 155 2724 3128 12 597
0 155 2724 3128 13 537
0 155 2724 3128 14 303
0 155 2724 3128 15 91
0 156 2724 3128 0 151
0 156 2724 3128 1 155
0 156 2724 3128 2 323
0 156 2724 3128 3 160
0 156 2724 3128 4 54
0 156 2724 3128 5 115
0 156 2724 3128 6 237
0 156 2724 3128 7 220
0 156 2724 3128 8 0
0 156 2724 3128 9 11
0 156 2724 3128 10 265
0 156 2724 3128 11 336
0 156 2724 3128 12 0
0 156 2724 3128 13 76
0 156 2724 3128 14 174
0 156 2724 3128 15 192
0 157 2724 3128 0 311
0 157 2724 3128 1 310
0 157 2724 3128 2 294
0 157 2724 3128 3 294
0 157 2724 3128 4 217
0 157 2724 3128 5 292
0 157 2724 3128 6 292
0 157 2724 3128 7 392
0 157 2724 3128 8 239
0 157 2724 3128 9 247
0 157 2724 3128 10 209
0 157 2724 3128 11 268
0 157 2724 3128 12 280
0 157 2724 3128 13 219
0 157 2724 3128 14 312
0 157 2724 3128 15 393
0 158 2724 3128 0 317
0 158 2724 3128 1 204
0 158 2724 3128 2 187
0 158 2724 3128 3 271
0 158 2724 3128 4 339
0 158 2724 3128 5 389
0 158 2724 3128 6 322
0 158 2724 3128 7 186
0 158 2724 3128 8 557
0 158 2724 3128 9 425
0 158 2724 3128 10 499
0 158 2724 3128 11 448
0 158 2724 3128 12 412
0 158 2724 3128 13 327
0 158 2724 3128 14 345
0 158 2724 3128 15 415
0 159 2724 3128 0 362
0 159 2724 3128 1 251
0 159 2724 3128 2 460
0 159 2724 3128 3 345
0 159 2724 3128 4 405
0 159 2724 3128 5 510
0 159 2724 3128 6 448
0 159 2724 3128 7 312
0 159 2724 3128 8 340
0 159 2724 3128 9 351
0 159 2724 3128 10 392
0 159 2724 3128 11 298
0 159 2724 3128 12 428
0 159 2724 3128 13 342
0 159 2724 3128 14 297
0 159 2724 3128 15 252
0 160 2724 3128 0 288
0 160 2724 3128 1 315
0 160 2724 3128 2 586
0 160 2724 3128 3 310
0 160 2724 3128 4 266
0 160 2724 3128 5 301
0 160 2724 3128 6 346
0 160 2724 3128 7 384
0 160 2724 3128 8 263
0 160 2724 3128 9 536
0 160 2724 3128 10 446
0 160 2724 3128 11 318
0 160 2724 3128 12 442
0 160 2724 3128 13 539
0 160 2724 3128 14 414
0 160 2724 3128 15 587
0 161 2724 3128 0 228
0 161 2724 3128 1 270
0 161 2724 3128 2 263
0 161 2724 3128 3 240
0 161 2724 3128 4 329
0 161 2724 3128 5 369
0 161 2724 3128 6 316
0 161 2724 3128 7 428
0 161 2724 3128 8 427
0 161 2724 3128 9 366
0 161 2724 3128 10 284
0 161 2724 3128 11 268
0 161 2724 3128 12 364
0 161 2724 3128 13 493
0 161 2724 3128 14 227
0 161 2724 3128 15 235
0 162 2724 3128 0 0
0 162 2724 3128 1 0
0 162 2724 3128 2 152
0 162 2724 3128 3 471
0 162 2724 3128 4 1
0 162 2724 3128 5 0
0 162 2724 3128 6 41
0 162 2724 3128 7 566
0 162 2724 3128 8 19
0 162 2724 3128 9 2
0 162 2724 3128 10 72
0 162 2724 3128 11 543
0 162 2724 3128 12 52
0 162 2724 3128 13 7
0 162 2724 3128 14 108
0 162 2724 3128 15 483
0 163 2724 3128 0 701
0 163 2724 3128 1 749
0 163 2724 3128 2 704
0 163 2724 3128 3 411
0 163 2724 3128 4 751
0 163 2724 3128 5 849
0 163 2724 3128 6 827
0 163 2724 3128 7 611
0 163 2724 3128 8 752
0 163 2724 3128 9 560
0 163 2724 3128 10 383
0 163 2724 3128 11 247
0 163 2724 3128 12 627
0 163 2724 3128 13 300
0 163 2724 3128 14 0
0 163 2724 3128 15 59
0 164 2724 3128 0 485
0 164 2724 3128 1 507
0 164 2724 3128 2 778
0 164 2724 3128 3 659
0 164 2724 3128 4 419
0 164 2724 3128 5 650
0 164 2724 3128 6 514
0 164 2724 3128 7 584
0 164 2724 3128 8 517
0 164 2724 3128 9 508
0 164 2724 3128 10 662
0 164 2724 3128 11 512
0 164 2724 3128 12 605
0 164 2724 3128 13 739
0 164 2724 3128 14 541
0 164 2724 3128 15 642
0 165 2724 3128 0 604
0 165 2724 3128 1 958
0 165 2724 3128 2 559
0 165 2724 3128 3 573
0 165 2724 3128 4 666
0 165 2724 3128 5 702
0 165 2724 3128 6 762
0 165 2724 3128 7 778
0 165 2724 3128 8 702
0 165 2724 3128 9 882
0 165 2724 3128 10 812
0 165 2724 3128 11 632
0 165 2724 3128 12 869
0 165 2724 3128 13 790
0 165 2724 3128 14 652
0 165 2724 3128 15 643
0 166 2724 3128 0 233
0 166 2724 3128 1 530
0 166 2724 3128 2 623
0 166 2724 3128 3 522
0 166 2724 3128 4 767
0 166 2724 3128 5 774
0 166 2724 3128 6 680
0 166 2724 3128 7 762
0 166 2724 3128 8 891
0 166 2724 3128 9 752
0 166 2724 3128 10 940
0 166 2724 3128 11 558
0 166 2724 3128 12 522
0 166 2724 3128 13 747
0 166 2724 3128 14 532
0 166 2724 3128 15 907
0 167 2724 3128 0 406
0 167 2724 3128 1 684
0 167 2724 3128 2 480
0 167 2724 3128 3 540
0 167 2724 3128 4 462
0 167 2724 3128 5 146
0 167 2724 3128 6 920
0 167 2724 3128 7 1156
0 167 2724 3128 8 527
0 167 2724 3128 9 484
0 167 2724 3128 10 434
0 167 2724 3128 11 357
0 167 2724 3128 12 581
0 167 2724 3128 13 621
0 167 2724 3128 14 390
0 167 2724 3128 15 400
0 168 2724 3128 0 498
0 168 2724 3128 1 418
0 168 2724 3128 2 552
0 168 2724 3128 3 539
0 168 2724 3128 4 536
0 168 2724 3128 5 910
0 168 2724 3128 6 536
0 168 2724 3128 7 688
0 168 2724 3128 8 454
0 168 2724 3128 9 474
0 168 2724 3128 10 503
0 168 2724 3128 11 333
0 168 2724 3128 12 338
0 168 2724 3128 13 340
0 168 2724 3128 14 275
0 168 2724 3128 15 331
0 169 2724 3128 0 252
0 169 2724 3128 1 270
0 169 2724 3128 2 256
0 169 2724 3128 3 210
0 169 2724 3128 4 236
0 169 2724 3128 5 302
0 169 2724 3128 6 275
0 169 2724 3128 7 323
0 169 2724 3128 8 234
0 169 2724 3128 9 342
0 169 2724 3128 10 309
0 169 2724 3128 11 283
0 169 2724 3128 12 218
0 169 2724 3128 13 312
0 169 2724 3128 14 78
0 169 2724 3128 15 0
0 170 2724 3128 0 317
0 170 2724 3128 1 387
0 170 2724 3128 2 246
0 170 2724 3128 3 264
0 170 2724 3128 4 292
0 170 2724 3128 5 359
0 170 2724 3128 6 270
0 170 2724 3128 7 266
0 170 2724 3128 8 340
0 170 2724 3128 9 313
0 170 2724 3128 10 338
0 170 2724 3128 11 212
0 170 2724 3128 12 492
0 170 2724 3128 13 255
0 170 2724 3128 14 258
0 170 2724 3128 15 382
0 171 2724 3128 0 367
0 171 2724 3128 1 443
0 171 2724 3128 2 396
0 171 2724 3128 3 427
0 171 2724 3128 4 365
0 171 2724 3128 5 401
0 171 2724 3128 6 511
0 171 2724 3128 7 285
0 171 2724 3128 8 289
0 171 2724 3128 9 362
0 171 2724 3128 10 297
0 171 2724 3128 11 264
0 171 2724 3128 12 332
0 171 2724 3128 13 351
0 171 2724 3128 14 325
0 171 2724 3128 15 408
0 172 2724 3128 0 259
0 172 2724 3128 1 283
0 172 2724 3128 2 217
0 172 2724 3128 3 235
0 172 2724 3128 4 454
0 172 2724 3128 5 429
0 172 2724 3128 6 297
0 172 2724 3128 7 431
0 172 2724 3128 8 307
0 172 2724 3128 9 307
0 172 2724 3128 10 196
0 172 2724 3128 11 213
0 172 2724 3128 12 488
0 172 2724 3128 13 282
0 172 2724 3128 14 264
0 172 2724 3128 15 36
0 173 2724 3128 0 235
0 173 2724 3128 1 39
0 173 2724 3128 2 0
0 173 2724 3128 3 63
0 173 2724 3128 4 328
0 173 2724 3128 5 279
0 173 2724 3128 6 25
0 173 2724 3128 7 30
0 173 2724 3128 8 394
0 173 2724 3128 9 419
0 173 2724 3128 10 180
0 173 2724 3128 11 123
0 173 2724 3128 12 481
0 173 2724 3128 13 346
0 173 2724 3128 14 439
0 173 2724 3128 15 310
0 174 2724 3128 0 293
0 174 2724 3128 1 492
0 174 2724 3128 2 378
0 174 2724 3128 3 291
0 174 2724 3128 4 383
0 174 2724 3128 5 386
0 174 2724 3128 6 629
0 174 2724 3128 7 604
0 174 2724 3128 8 329
0 174 2724 3128 9 483
0 174 2724 3128 10 370
0 174 2724 3128 11 450
0 174 2724 3128 12 324
0 174 2724 3128 13 466
0 174 2724 3128 14 321
0 174 2724 3128 15 419
0 175 2724 3128 0 324
0 175 2724 3128 1 347
0 175 2724 3128 2 360
0 175 2724 3128 3 315
0 175 2724 3128 4 449
0 175 2724 3128 5 349
0 175 2724 3128 6 407
0 175 2724 3128 7 395
0 175 2724 3128 8 633
0 175 2724 3128 9 500
0 175 2724 3128 10 687
0 175 2724 3128 11 483
0 175 2724 3128 12 464
0 175 2724 3128 13 590
0 175 2724 3128 14 452
0 175 2724 3128 15 530
0 176 2724 3128 0 385
0 176 2724 3128 1 466
0 176 2724 3128 2 430
0 176 2724 3128 3 380
0 176 2724 3128 4 336
0 176 2724 3128 5 276
0 176 2724 3128 6 402
0 176 2724 3128 7 350
0 176 2724 3128 8 426
0 176 2724 3128 9 344
0 176 2724 3128 10 280
0 176 2724 3128 11 212
0 176 2724 3128 12 458
0 176 2724 3128 13 344
0 176 2724 3128 14 517
0 176 2724 3128 15 341
0 177 2724 3128 0 204
0 177 2724 3128 1 276
0 177 2724 3128 2 307
0 177 2724 3128 3 620
0 177 2724 3128 4 402
0 177 2724 3128 5 427
0 177 2724 3128 6 415
0 177 2724 3128 7 457
0 177 2724 3128 8 175
0 177 2724 3128 9 305
0 177 2724 3128 10 407
0 177 2724 3128 11 411
0 177 2724 3128 12 401
0 177 2724 3128 13 543
0 177 2724 3128 14 332
0 177 2724 3128 15 361
0 178 2724 3128 0 394
0 178 2724 3128 1 352
0 178 2724 3128 2 132
0 178 2724 3128 3 125
0 178 2724 3128 4 282
0 178 2724 3128 5 235
0 178 2724 3128 6 197
0 178 2724 3128 7 49
0 178 2724 3128 8 273
0 178 2724 3128 9 164
0 178 2724 3128 10 145
0 178 2724 3128 11 4
0 178 2724 3128 12 325
0 178 2724 3128 13 0
0 178 2724 3128 14 133
0 178 2724 3128 15 12
0 179 2724 3128 0 258
0 179 2724 3128 1 349
0 179 2724 3128 2 426
0 179 2724 3128 3 551
0 179 2724 3128 4 167
0 179 2724 3128 5 713
0 179 2724 3128 6 786
0 179 2724 3128 7 440
0 179 2724 3128 8 24
0 179 2724 3128 9 378
0 179 2724 3128 10 333
0 179 2724 3128 11 476
0 179 2724 3128 12 258
0 179 2724 3128 13 461
0 179 2724 3128 14 477
0 179 2724 3128 15 488
0 180 2724 3128 0 333
0 180 2724 3128 1 278
0 180 2724 3128 2 365
0 180 2724 3128 3 240
0 180 2724 3128 4 393
0 180 2724 3128 5 278
0 180 2724 3128 6 300
0 180 2724 3128 7 369
0 180 2724 3128 8 397
0 180 2724 3128 9 312
0 180 2724 3128 10 304
0 180 2724 3128 11 384
0 180 2724 3128 12 263
0 180 2724 3128 13 409
0 180 2724 3128 14 419
0 180 2724 3128 15 330
0 181 2724 3128 0 301
0 181 2724 3128 1 424
0 181 2724 3128 2 284
0 181 2724 3128 3 390
0 181 2724 3128 4 457
0 181 2724 3128 5 481
0 181 2724 3128 6 340
0 181 2724 3128 7 476
0 181 2724 3128 8 223
0 181 2724 3128 9 405
0 181 2724 3128 10 324
0 181 2724 3128 11 420
0 181 2724 3128 12 370
0 181 2724 3128 13 434
0 181 2724 3128 14 446
0 181 2724 3128 15 279
0 182 2724 3128 0 309
0 182 2724 3128 1 290
0 182 2724 3128 2 232
0 182 2724 3128 3 416
0 182 2724 3128 4 308
0 182 2724 3128 5 308
0 182 2724 3128 6 292
0 182 2724 3128 7 228
0 182 2724 3128 8 435
0 182 2724 3128 9 257
0 182 2724 3128 10 272
0 182 2724 3128 11 320
0 182 2724 3128 12 339
0 182 2724 3128 13 455
0 182 2724 3128 14 670
0 182 2724 3128 15 468
